service_id,date,exception_type
0000000022023091120240621,20231101,2
0000000022023091120240621,20231208,2
0000000022023091120240621,20231225,2
0000000022023091120240621,20231226,2
0000000022023091120240621,20240101,2
0000000022023091120240621,20240106,2
0000000022023091120240621,20240401,2
0000000022023091120240621,20240425,2
0000000022023091120240621,20240501,2
0000000022023091220240621,20231101,2
0000000022023091220240621,20231208,2
0000000022023091220240621,20231225,2
0000000022023091220240621,20231226,2
0000000022023091220240621,20240101,2
0000000022023091220240621,20240106,2
0000000022023091220240621,20240401,2
0000000022023091220240621,20240425,2
0000000022023091220240621,20240501,2
0000000022023091920240621,20231101,2
0000000022023091920240621,20231208,2
0000000022023091920240621,20231225,2
0000000022023091920240621,20231226,2
0000000022023091920240621,20240101,2
0000000022023091920240621,20240106,2
0000000022023091920240621,20240401,2
0000000022023091920240621,20240425,2
0000000022023091920240621,20240501,2
0000000022023092020240621,20231101,2
0000000022023092020240621,20231208,2
0000000022023092020240621,20231225,2
0000000022023092020240621,20231226,2
0000000022023092020240621,20240101,2
0000000022023092020240621,20240106,2
0000000022023092020240621,20240401,2
0000000022023092020240621,20240425,2
0000000022023092020240621,20240501,2
0000000022023092120240621,20231101,2
0000000022023092120240621,20231208,2
0000000022023092120240621,20231225,2
0000000022023092120240621,20231226,2
0000000022023092120240621,20240101,2
0000000022023092120240621,20240106,2
0000000022023092120240621,20240401,2
0000000022023092120240621,20240425,2
0000000022023092120240621,20240501,2
0000000022023092720240621,20231101,2
0000000022023092720240621,20231208,2
0000000022023092720240621,20231225,2
0000000022023092720240621,20231226,2
0000000022023092720240621,20240101,2
0000000022023092720240621,20240106,2
0000000022023092720240621,20240401,2
0000000022023092720240621,20240425,2
0000000022023092720240621,20240501,2
0000000022023092820240621,20231101,2
0000000022023092820240621,20231208,2
0000000022023092820240621,20231225,2
0000000022023092820240621,20231226,2
0000000022023092820240621,20240101,2
0000000022023092820240621,20240106,2
0000000022023092820240621,20240401,2
0000000022023092820240621,20240425,2
0000000022023092820240621,20240501,2
0000000022023100320240621,20231101,2
0000000022023100320240621,20231208,2
0000000022023100320240621,20231225,2
0000000022023100320240621,20231226,2
0000000022023100320240621,20240101,2
0000000022023100320240621,20240106,2
0000000022023100320240621,20240401,2
0000000022023100320240621,20240425,2
0000000022023100320240621,20240501,2
0000000022023100420240621,20231101,2
0000000022023100420240621,20231208,2
0000000022023100420240621,20231225,2
0000000022023100420240621,20231226,2
0000000022023100420240621,20240101,2
0000000022023100420240621,20240106,2
0000000022023100420240621,20240401,2
0000000022023100420240621,20240425,2
0000000022023100420240621,20240501,2
0000000022023100520240621,20231101,2
0000000022023100520240621,20231208,2
0000000022023100520240621,20231225,2
0000000022023100520240621,20231226,2
0000000022023100520240621,20240101,2
0000000022023100520240621,20240106,2
0000000022023100520240621,20240401,2
0000000022023100520240621,20240425,2
0000000022023100520240621,20240501,2
0000000022023100620240621,20231101,2
0000000022023100620240621,20231208,2
0000000022023100620240621,20231225,2
0000000022023100620240621,20231226,2
0000000022023100620240621,20240101,2
0000000022023100620240621,20240106,2
0000000022023100620240621,20240401,2
0000000022023100620240621,20240425,2
0000000022023100620240621,20240501,2
0000000022023100920240621,20231101,2
0000000022023100920240621,20231208,2
0000000022023100920240621,20231225,2
0000000022023100920240621,20231226,2
0000000022023100920240621,20240101,2
0000000022023100920240621,20240106,2
0000000022023100920240621,20240401,2
0000000022023100920240621,20240425,2
0000000022023100920240621,20240501,2
0000000022023101320240621,20231101,2
0000000022023101320240621,20231208,2
0000000022023101320240621,20231225,2
0000000022023101320240621,20231226,2
0000000022023101320240621,20240101,2
0000000022023101320240621,20240106,2
0000000022023101320240621,20240401,2
0000000022023101320240621,20240425,2
0000000022023101320240621,20240501,2
0000000022023101620240621,20231101,2
0000000022023101620240621,20231208,2
0000000022023101620240621,20231225,2
0000000022023101620240621,20231226,2
0000000022023101620240621,20240101,2
0000000022023101620240621,20240106,2
0000000022023101620240621,20240401,2
0000000022023101620240621,20240425,2
0000000022023101620240621,20240501,2
0000000022023122220240316,20231225,2
0000000022023122220240316,20231226,2
0000000022023122220240316,20240101,2
0000000022023122220240316,20240106,2
0000000042023091120240621,20231101,2
0000000042023091120240621,20231208,2
0000000042023091120240621,20231225,2
0000000042023091120240621,20231226,2
0000000042023091120240621,20240101,2
0000000042023091120240621,20240106,2
0000000042023091120240621,20240401,2
0000000042023091120240621,20240425,2
0000000042023091120240621,20240501,2
0000000042023091220240621,20231101,2
0000000042023091220240621,20231208,2
0000000042023091220240621,20231225,2
0000000042023091220240621,20231226,2
0000000042023091220240621,20240101,2
0000000042023091220240621,20240106,2
0000000042023091220240621,20240401,2
0000000042023091220240621,20240425,2
0000000042023091220240621,20240501,2
0000000042023091320240621,20231101,2
0000000042023091320240621,20231208,2
0000000042023091320240621,20231225,2
0000000042023091320240621,20231226,2
0000000042023091320240621,20240101,2
0000000042023091320240621,20240106,2
0000000042023091320240621,20240401,2
0000000042023091320240621,20240425,2
0000000042023091320240621,20240501,2
0000000042023091920240621,20231101,2
0000000042023091920240621,20231208,2
0000000042023091920240621,20231225,2
0000000042023091920240621,20231226,2
0000000042023091920240621,20240101,2
0000000042023091920240621,20240106,2
0000000042023091920240621,20240401,2
0000000042023091920240621,20240425,2
0000000042023091920240621,20240501,2
0000000042023092020240621,20231101,2
0000000042023092020240621,20231208,2
0000000042023092020240621,20231225,2
0000000042023092020240621,20231226,2
0000000042023092020240621,20240101,2
0000000042023092020240621,20240106,2
0000000042023092020240621,20240401,2
0000000042023092020240621,20240425,2
0000000042023092020240621,20240501,2
0000000042023092120240621,20231101,2
0000000042023092120240621,20231208,2
0000000042023092120240621,20231225,2
0000000042023092120240621,20231226,2
0000000042023092120240621,20240101,2
0000000042023092120240621,20240106,2
0000000042023092120240621,20240401,2
0000000042023092120240621,20240425,2
0000000042023092120240621,20240501,2
0000000042023092220240621,20231101,2
0000000042023092220240621,20231208,2
0000000042023092220240621,20231225,2
0000000042023092220240621,20231226,2
0000000042023092220240621,20240101,2
0000000042023092220240621,20240106,2
0000000042023092220240621,20240401,2
0000000042023092220240621,20240425,2
0000000042023092220240621,20240501,2
0000000052023091120240621,20231101,2
0000000052023091120240621,20231208,2
0000000052023091120240621,20231209,2
0000000052023091120240621,20231223,2
0000000052023091120240621,20231225,2
0000000052023091120240621,20231226,2
0000000052023091120240621,20231227,2
0000000052023091120240621,20231228,2
0000000052023091120240621,20231229,2
0000000052023091120240621,20231230,2
0000000052023091120240621,20240101,2
0000000052023091120240621,20240102,2
0000000052023091120240621,20240103,2
0000000052023091120240621,20240104,2
0000000052023091120240621,20240105,2
0000000052023091120240621,20240106,2
0000000052023091120240621,20240208,2
0000000052023091120240621,20240209,2
0000000052023091120240621,20240210,2
0000000052023091120240621,20240212,2
0000000052023091120240621,20240213,2
0000000052023091120240621,20240328,2
0000000052023091120240621,20240329,2
0000000052023091120240621,20240330,2
0000000052023091120240621,20240401,2
0000000052023091120240621,20240402,2
0000000052023091120240621,20240425,2
0000000052023091120240621,20240501,2
0000000052023091120240621,20240612,2
0000000052023091120240621,20240613,2
0000000052023091120240621,20240614,2
0000000052023091120240621,20240615,2
0000000052023091120240621,20240617,2
0000000052023091120240621,20240618,2
0000000052023091120240621,20240619,2
0000000052023091120240621,20240620,2
0000000052023091120240621,20240621,2
0000000052023091220240621,20231101,2
0000000052023091220240621,20231208,2
0000000052023091220240621,20231209,2
0000000052023091220240621,20231223,2
0000000052023091220240621,20231225,2
0000000052023091220240621,20231226,2
0000000052023091220240621,20231227,2
0000000052023091220240621,20231228,2
0000000052023091220240621,20231229,2
0000000052023091220240621,20231230,2
0000000052023091220240621,20240101,2
0000000052023091220240621,20240102,2
0000000052023091220240621,20240103,2
0000000052023091220240621,20240104,2
0000000052023091220240621,20240105,2
0000000052023091220240621,20240106,2
0000000052023091220240621,20240208,2
0000000052023091220240621,20240209,2
0000000052023091220240621,20240210,2
0000000052023091220240621,20240212,2
0000000052023091220240621,20240213,2
0000000052023091220240621,20240328,2
0000000052023091220240621,20240329,2
0000000052023091220240621,20240330,2
0000000052023091220240621,20240401,2
0000000052023091220240621,20240402,2
0000000052023091220240621,20240425,2
0000000052023091220240621,20240501,2
0000000052023091220240621,20240612,2
0000000052023091220240621,20240613,2
0000000052023091220240621,20240614,2
0000000052023091220240621,20240615,2
0000000052023091220240621,20240617,2
0000000052023091220240621,20240618,2
0000000052023091220240621,20240619,2
0000000052023091220240621,20240620,2
0000000052023091220240621,20240621,2
0000000052023091820240621,20231101,2
0000000052023091820240621,20231208,2
0000000052023091820240621,20231209,2
0000000052023091820240621,20231223,2
0000000052023091820240621,20231225,2
0000000052023091820240621,20231226,2
0000000052023091820240621,20231227,2
0000000052023091820240621,20231228,2
0000000052023091820240621,20231229,2
0000000052023091820240621,20231230,2
0000000052023091820240621,20240101,2
0000000052023091820240621,20240102,2
0000000052023091820240621,20240103,2
0000000052023091820240621,20240104,2
0000000052023091820240621,20240105,2
0000000052023091820240621,20240106,2
0000000052023091820240621,20240208,2
0000000052023091820240621,20240209,2
0000000052023091820240621,20240210,2
0000000052023091820240621,20240212,2
0000000052023091820240621,20240213,2
0000000052023091820240621,20240328,2
0000000052023091820240621,20240329,2
0000000052023091820240621,20240330,2
0000000052023091820240621,20240401,2
0000000052023091820240621,20240402,2
0000000052023091820240621,20240425,2
0000000052023091820240621,20240501,2
0000000052023091820240621,20240612,2
0000000052023091820240621,20240613,2
0000000052023091820240621,20240614,2
0000000052023091820240621,20240615,2
0000000052023091820240621,20240617,2
0000000052023091820240621,20240618,2
0000000052023091820240621,20240619,2
0000000052023091820240621,20240620,2
0000000052023091820240621,20240621,2
0000000052023091920240621,20231101,2
0000000052023091920240621,20231208,2
0000000052023091920240621,20231209,2
0000000052023091920240621,20231223,2
0000000052023091920240621,20231225,2
0000000052023091920240621,20231226,2
0000000052023091920240621,20231227,2
0000000052023091920240621,20231228,2
0000000052023091920240621,20231229,2
0000000052023091920240621,20231230,2
0000000052023091920240621,20240101,2
0000000052023091920240621,20240102,2
0000000052023091920240621,20240103,2
0000000052023091920240621,20240104,2
0000000052023091920240621,20240105,2
0000000052023091920240621,20240106,2
0000000052023091920240621,20240208,2
0000000052023091920240621,20240209,2
0000000052023091920240621,20240210,2
0000000052023091920240621,20240212,2
0000000052023091920240621,20240213,2
0000000052023091920240621,20240328,2
0000000052023091920240621,20240329,2
0000000052023091920240621,20240330,2
0000000052023091920240621,20240401,2
0000000052023091920240621,20240402,2
0000000052023091920240621,20240425,2
0000000052023091920240621,20240501,2
0000000052023091920240621,20240612,2
0000000052023091920240621,20240613,2
0000000052023091920240621,20240614,2
0000000052023091920240621,20240615,2
0000000052023091920240621,20240617,2
0000000052023091920240621,20240618,2
0000000052023091920240621,20240619,2
0000000052023091920240621,20240620,2
0000000052023091920240621,20240621,2
0000000052023092120240621,20231101,2
0000000052023092120240621,20231208,2
0000000052023092120240621,20231209,2
0000000052023092120240621,20231223,2
0000000052023092120240621,20231225,2
0000000052023092120240621,20231226,2
0000000052023092120240621,20231227,2
0000000052023092120240621,20231228,2
0000000052023092120240621,20231229,2
0000000052023092120240621,20231230,2
0000000052023092120240621,20240101,2
0000000052023092120240621,20240102,2
0000000052023092120240621,20240103,2
0000000052023092120240621,20240104,2
0000000052023092120240621,20240105,2
0000000052023092120240621,20240106,2
0000000052023092120240621,20240208,2
0000000052023092120240621,20240209,2
0000000052023092120240621,20240210,2
0000000052023092120240621,20240212,2
0000000052023092120240621,20240213,2
0000000052023092120240621,20240328,2
0000000052023092120240621,20240329,2
0000000052023092120240621,20240330,2
0000000052023092120240621,20240401,2
0000000052023092120240621,20240402,2
0000000052023092120240621,20240425,2
0000000052023092120240621,20240501,2
0000000052023092120240621,20240612,2
0000000052023092120240621,20240613,2
0000000052023092120240621,20240614,2
0000000052023092120240621,20240615,2
0000000052023092120240621,20240617,2
0000000052023092120240621,20240618,2
0000000052023092120240621,20240619,2
0000000052023092120240621,20240620,2
0000000052023092120240621,20240621,2
0000000052023092720240621,20231101,2
0000000052023092720240621,20231208,2
0000000052023092720240621,20231209,2
0000000052023092720240621,20231223,2
0000000052023092720240621,20231225,2
0000000052023092720240621,20231226,2
0000000052023092720240621,20231227,2
0000000052023092720240621,20231228,2
0000000052023092720240621,20231229,2
0000000052023092720240621,20231230,2
0000000052023092720240621,20240101,2
0000000052023092720240621,20240102,2
0000000052023092720240621,20240103,2
0000000052023092720240621,20240104,2
0000000052023092720240621,20240105,2
0000000052023092720240621,20240106,2
0000000052023092720240621,20240208,2
0000000052023092720240621,20240209,2
0000000052023092720240621,20240210,2
0000000052023092720240621,20240212,2
0000000052023092720240621,20240213,2
0000000052023092720240621,20240328,2
0000000052023092720240621,20240329,2
0000000052023092720240621,20240330,2
0000000052023092720240621,20240401,2
0000000052023092720240621,20240402,2
0000000052023092720240621,20240425,2
0000000052023092720240621,20240501,2
0000000052023092720240621,20240612,2
0000000052023092720240621,20240613,2
0000000052023092720240621,20240614,2
0000000052023092720240621,20240615,2
0000000052023092720240621,20240617,2
0000000052023092720240621,20240618,2
0000000052023092720240621,20240619,2
0000000052023092720240621,20240620,2
0000000052023092720240621,20240621,2
0000000052023092820240621,20231101,2
0000000052023092820240621,20231208,2
0000000052023092820240621,20231209,2
0000000052023092820240621,20231223,2
0000000052023092820240621,20231225,2
0000000052023092820240621,20231226,2
0000000052023092820240621,20231227,2
0000000052023092820240621,20231228,2
0000000052023092820240621,20231229,2
0000000052023092820240621,20231230,2
0000000052023092820240621,20240101,2
0000000052023092820240621,20240102,2
0000000052023092820240621,20240103,2
0000000052023092820240621,20240104,2
0000000052023092820240621,20240105,2
0000000052023092820240621,20240106,2
0000000052023092820240621,20240208,2
0000000052023092820240621,20240209,2
0000000052023092820240621,20240210,2
0000000052023092820240621,20240212,2
0000000052023092820240621,20240213,2
0000000052023092820240621,20240328,2
0000000052023092820240621,20240329,2
0000000052023092820240621,20240330,2
0000000052023092820240621,20240401,2
0000000052023092820240621,20240402,2
0000000052023092820240621,20240425,2
0000000052023092820240621,20240501,2
0000000052023092820240621,20240612,2
0000000052023092820240621,20240613,2
0000000052023092820240621,20240614,2
0000000052023092820240621,20240615,2
0000000052023092820240621,20240617,2
0000000052023092820240621,20240618,2
0000000052023092820240621,20240619,2
0000000052023092820240621,20240620,2
0000000052023092820240621,20240621,2
0000000052023100420240621,20231101,2
0000000052023100420240621,20231208,2
0000000052023100420240621,20231209,2
0000000052023100420240621,20231223,2
0000000052023100420240621,20231225,2
0000000052023100420240621,20231226,2
0000000052023100420240621,20231227,2
0000000052023100420240621,20231228,2
0000000052023100420240621,20231229,2
0000000052023100420240621,20231230,2
0000000052023100420240621,20240101,2
0000000052023100420240621,20240102,2
0000000052023100420240621,20240103,2
0000000052023100420240621,20240104,2
0000000052023100420240621,20240105,2
0000000052023100420240621,20240106,2
0000000052023100420240621,20240208,2
0000000052023100420240621,20240209,2
0000000052023100420240621,20240210,2
0000000052023100420240621,20240212,2
0000000052023100420240621,20240213,2
0000000052023100420240621,20240328,2
0000000052023100420240621,20240329,2
0000000052023100420240621,20240330,2
0000000052023100420240621,20240401,2
0000000052023100420240621,20240402,2
0000000052023100420240621,20240425,2
0000000052023100420240621,20240501,2
0000000052023100420240621,20240612,2
0000000052023100420240621,20240613,2
0000000052023100420240621,20240614,2
0000000052023100420240621,20240615,2
0000000052023100420240621,20240617,2
0000000052023100420240621,20240618,2
0000000052023100420240621,20240619,2
0000000052023100420240621,20240620,2
0000000052023100420240621,20240621,2
0000000052023100520240621,20231101,2
0000000052023100520240621,20231208,2
0000000052023100520240621,20231209,2
0000000052023100520240621,20231223,2
0000000052023100520240621,20231225,2
0000000052023100520240621,20231226,2
0000000052023100520240621,20231227,2
0000000052023100520240621,20231228,2
0000000052023100520240621,20231229,2
0000000052023100520240621,20231230,2
0000000052023100520240621,20240101,2
0000000052023100520240621,20240102,2
0000000052023100520240621,20240103,2
0000000052023100520240621,20240104,2
0000000052023100520240621,20240105,2
0000000052023100520240621,20240106,2
0000000052023100520240621,20240208,2
0000000052023100520240621,20240209,2
0000000052023100520240621,20240210,2
0000000052023100520240621,20240212,2
0000000052023100520240621,20240213,2
0000000052023100520240621,20240328,2
0000000052023100520240621,20240329,2
0000000052023100520240621,20240330,2
0000000052023100520240621,20240401,2
0000000052023100520240621,20240402,2
0000000052023100520240621,20240425,2
0000000052023100520240621,20240501,2
0000000052023100520240621,20240612,2
0000000052023100520240621,20240613,2
0000000052023100520240621,20240614,2
0000000052023100520240621,20240615,2
0000000052023100520240621,20240617,2
0000000052023100520240621,20240618,2
0000000052023100520240621,20240619,2
0000000052023100520240621,20240620,2
0000000052023100520240621,20240621,2
0000000052023100620240621,20231101,2
0000000052023100620240621,20231208,2
0000000052023100620240621,20231209,2
0000000052023100620240621,20231223,2
0000000052023100620240621,20231225,2
0000000052023100620240621,20231226,2
0000000052023100620240621,20231227,2
0000000052023100620240621,20231228,2
0000000052023100620240621,20231229,2
0000000052023100620240621,20231230,2
0000000052023100620240621,20240101,2
0000000052023100620240621,20240102,2
0000000052023100620240621,20240103,2
0000000052023100620240621,20240104,2
0000000052023100620240621,20240105,2
0000000052023100620240621,20240106,2
0000000052023100620240621,20240208,2
0000000052023100620240621,20240209,2
0000000052023100620240621,20240210,2
0000000052023100620240621,20240212,2
0000000052023100620240621,20240213,2
0000000052023100620240621,20240328,2
0000000052023100620240621,20240329,2
0000000052023100620240621,20240330,2
0000000052023100620240621,20240401,2
0000000052023100620240621,20240402,2
0000000052023100620240621,20240425,2
0000000052023100620240621,20240501,2
0000000052023100620240621,20240612,2
0000000052023100620240621,20240613,2
0000000052023100620240621,20240614,2
0000000052023100620240621,20240615,2
0000000052023100620240621,20240617,2
0000000052023100620240621,20240618,2
0000000052023100620240621,20240619,2
0000000052023100620240621,20240620,2
0000000052023100620240621,20240621,2
0000000062023091120240621,20231101,2
0000000062023091120240621,20231208,2
0000000062023091120240621,20231209,2
0000000062023091120240621,20231223,2
0000000062023091120240621,20231225,2
0000000062023091120240621,20231226,2
0000000062023091120240621,20231227,2
0000000062023091120240621,20231228,2
0000000062023091120240621,20231229,2
0000000062023091120240621,20231230,2
0000000062023091120240621,20240101,2
0000000062023091120240621,20240102,2
0000000062023091120240621,20240103,2
0000000062023091120240621,20240104,2
0000000062023091120240621,20240105,2
0000000062023091120240621,20240106,2
0000000062023091120240621,20240208,2
0000000062023091120240621,20240209,2
0000000062023091120240621,20240210,2
0000000062023091120240621,20240212,2
0000000062023091120240621,20240213,2
0000000062023091120240621,20240328,2
0000000062023091120240621,20240329,2
0000000062023091120240621,20240330,2
0000000062023091120240621,20240401,2
0000000062023091120240621,20240402,2
0000000062023091120240621,20240425,2
0000000062023091120240621,20240501,2
0000000062023091120240621,20240612,2
0000000062023091120240621,20240613,2
0000000062023091120240621,20240614,2
0000000062023091120240621,20240615,2
0000000062023091120240621,20240617,2
0000000062023091120240621,20240618,2
0000000062023091120240621,20240619,2
0000000062023091120240621,20240620,2
0000000062023091120240621,20240621,2
0000000062023091220240621,20231101,2
0000000062023091220240621,20231208,2
0000000062023091220240621,20231209,2
0000000062023091220240621,20231223,2
0000000062023091220240621,20231225,2
0000000062023091220240621,20231226,2
0000000062023091220240621,20231227,2
0000000062023091220240621,20231228,2
0000000062023091220240621,20231229,2
0000000062023091220240621,20231230,2
0000000062023091220240621,20240101,2
0000000062023091220240621,20240102,2
0000000062023091220240621,20240103,2
0000000062023091220240621,20240104,2
0000000062023091220240621,20240105,2
0000000062023091220240621,20240106,2
0000000062023091220240621,20240208,2
0000000062023091220240621,20240209,2
0000000062023091220240621,20240210,2
0000000062023091220240621,20240212,2
0000000062023091220240621,20240213,2
0000000062023091220240621,20240328,2
0000000062023091220240621,20240329,2
0000000062023091220240621,20240330,2
0000000062023091220240621,20240401,2
0000000062023091220240621,20240402,2
0000000062023091220240621,20240425,2
0000000062023091220240621,20240501,2
0000000062023091220240621,20240612,2
0000000062023091220240621,20240613,2
0000000062023091220240621,20240614,2
0000000062023091220240621,20240615,2
0000000062023091220240621,20240617,2
0000000062023091220240621,20240618,2
0000000062023091220240621,20240619,2
0000000062023091220240621,20240620,2
0000000062023091220240621,20240621,2
0000000062023091420240621,20231101,2
0000000062023091420240621,20231208,2
0000000062023091420240621,20231209,2
0000000062023091420240621,20231223,2
0000000062023091420240621,20231225,2
0000000062023091420240621,20231226,2
0000000062023091420240621,20231227,2
0000000062023091420240621,20231228,2
0000000062023091420240621,20231229,2
0000000062023091420240621,20231230,2
0000000062023091420240621,20240101,2
0000000062023091420240621,20240102,2
0000000062023091420240621,20240103,2
0000000062023091420240621,20240104,2
0000000062023091420240621,20240105,2
0000000062023091420240621,20240106,2
0000000062023091420240621,20240208,2
0000000062023091420240621,20240209,2
0000000062023091420240621,20240210,2
0000000062023091420240621,20240212,2
0000000062023091420240621,20240213,2
0000000062023091420240621,20240328,2
0000000062023091420240621,20240329,2
0000000062023091420240621,20240330,2
0000000062023091420240621,20240401,2
0000000062023091420240621,20240402,2
0000000062023091420240621,20240425,2
0000000062023091420240621,20240501,2
0000000062023091420240621,20240612,2
0000000062023091420240621,20240613,2
0000000062023091420240621,20240614,2
0000000062023091420240621,20240615,2
0000000062023091420240621,20240617,2
0000000062023091420240621,20240618,2
0000000062023091420240621,20240619,2
0000000062023091420240621,20240620,2
0000000062023091420240621,20240621,2
0000000062023091920240621,20231101,2
0000000062023091920240621,20231208,2
0000000062023091920240621,20231209,2
0000000062023091920240621,20231223,2
0000000062023091920240621,20231225,2
0000000062023091920240621,20231226,2
0000000062023091920240621,20231227,2
0000000062023091920240621,20231228,2
0000000062023091920240621,20231229,2
0000000062023091920240621,20231230,2
0000000062023091920240621,20240101,2
0000000062023091920240621,20240102,2
0000000062023091920240621,20240103,2
0000000062023091920240621,20240104,2
0000000062023091920240621,20240105,2
0000000062023091920240621,20240106,2
0000000062023091920240621,20240208,2
0000000062023091920240621,20240209,2
0000000062023091920240621,20240210,2
0000000062023091920240621,20240212,2
0000000062023091920240621,20240213,2
0000000062023091920240621,20240328,2
0000000062023091920240621,20240329,2
0000000062023091920240621,20240330,2
0000000062023091920240621,20240401,2
0000000062023091920240621,20240402,2
0000000062023091920240621,20240425,2
0000000062023091920240621,20240501,2
0000000062023091920240621,20240612,2
0000000062023091920240621,20240613,2
0000000062023091920240621,20240614,2
0000000062023091920240621,20240615,2
0000000062023091920240621,20240617,2
0000000062023091920240621,20240618,2
0000000062023091920240621,20240619,2
0000000062023091920240621,20240620,2
0000000062023091920240621,20240621,2
0000000062023092120240621,20231101,2
0000000062023092120240621,20231208,2
0000000062023092120240621,20231209,2
0000000062023092120240621,20231223,2
0000000062023092120240621,20231225,2
0000000062023092120240621,20231226,2
0000000062023092120240621,20231227,2
0000000062023092120240621,20231228,2
0000000062023092120240621,20231229,2
0000000062023092120240621,20231230,2
0000000062023092120240621,20240101,2
0000000062023092120240621,20240102,2
0000000062023092120240621,20240103,2
0000000062023092120240621,20240104,2
0000000062023092120240621,20240105,2
0000000062023092120240621,20240106,2
0000000062023092120240621,20240208,2
0000000062023092120240621,20240209,2
0000000062023092120240621,20240210,2
0000000062023092120240621,20240212,2
0000000062023092120240621,20240213,2
0000000062023092120240621,20240328,2
0000000062023092120240621,20240329,2
0000000062023092120240621,20240330,2
0000000062023092120240621,20240401,2
0000000062023092120240621,20240402,2
0000000062023092120240621,20240425,2
0000000062023092120240621,20240501,2
0000000062023092120240621,20240612,2
0000000062023092120240621,20240613,2
0000000062023092120240621,20240614,2
0000000062023092120240621,20240615,2
0000000062023092120240621,20240617,2
0000000062023092120240621,20240618,2
0000000062023092120240621,20240619,2
0000000062023092120240621,20240620,2
0000000062023092120240621,20240621,2
0000000062023100320240621,20231101,2
0000000062023100320240621,20231208,2
0000000062023100320240621,20231209,2
0000000062023100320240621,20231223,2
0000000062023100320240621,20231225,2
0000000062023100320240621,20231226,2
0000000062023100320240621,20231227,2
0000000062023100320240621,20231228,2
0000000062023100320240621,20231229,2
0000000062023100320240621,20231230,2
0000000062023100320240621,20240101,2
0000000062023100320240621,20240102,2
0000000062023100320240621,20240103,2
0000000062023100320240621,20240104,2
0000000062023100320240621,20240105,2
0000000062023100320240621,20240106,2
0000000062023100320240621,20240208,2
0000000062023100320240621,20240209,2
0000000062023100320240621,20240210,2
0000000062023100320240621,20240212,2
0000000062023100320240621,20240213,2
0000000062023100320240621,20240328,2
0000000062023100320240621,20240329,2
0000000062023100320240621,20240330,2
0000000062023100320240621,20240401,2
0000000062023100320240621,20240402,2
0000000062023100320240621,20240425,2
0000000062023100320240621,20240501,2
0000000062023100320240621,20240612,2
0000000062023100320240621,20240613,2
0000000062023100320240621,20240614,2
0000000062023100320240621,20240615,2
0000000062023100320240621,20240617,2
0000000062023100320240621,20240618,2
0000000062023100320240621,20240619,2
0000000062023100320240621,20240620,2
0000000062023100320240621,20240621,2
0000000062023100420240621,20231101,2
0000000062023100420240621,20231208,2
0000000062023100420240621,20231209,2
0000000062023100420240621,20231223,2
0000000062023100420240621,20231225,2
0000000062023100420240621,20231226,2
0000000062023100420240621,20231227,2
0000000062023100420240621,20231228,2
0000000062023100420240621,20231229,2
0000000062023100420240621,20231230,2
0000000062023100420240621,20240101,2
0000000062023100420240621,20240102,2
0000000062023100420240621,20240103,2
0000000062023100420240621,20240104,2
0000000062023100420240621,20240105,2
0000000062023100420240621,20240106,2
0000000062023100420240621,20240208,2
0000000062023100420240621,20240209,2
0000000062023100420240621,20240210,2
0000000062023100420240621,20240212,2
0000000062023100420240621,20240213,2
0000000062023100420240621,20240328,2
0000000062023100420240621,20240329,2
0000000062023100420240621,20240330,2
0000000062023100420240621,20240401,2
0000000062023100420240621,20240402,2
0000000062023100420240621,20240425,2
0000000062023100420240621,20240501,2
0000000062023100420240621,20240612,2
0000000062023100420240621,20240613,2
0000000062023100420240621,20240614,2
0000000062023100420240621,20240615,2
0000000062023100420240621,20240617,2
0000000062023100420240621,20240618,2
0000000062023100420240621,20240619,2
0000000062023100420240621,20240620,2
0000000062023100420240621,20240621,2
0000000062023100620240621,20231101,2
0000000062023100620240621,20231208,2
0000000062023100620240621,20231209,2
0000000062023100620240621,20231223,2
0000000062023100620240621,20231225,2
0000000062023100620240621,20231226,2
0000000062023100620240621,20231227,2
0000000062023100620240621,20231228,2
0000000062023100620240621,20231229,2
0000000062023100620240621,20231230,2
0000000062023100620240621,20240101,2
0000000062023100620240621,20240102,2
0000000062023100620240621,20240103,2
0000000062023100620240621,20240104,2
0000000062023100620240621,20240105,2
0000000062023100620240621,20240106,2
0000000062023100620240621,20240208,2
0000000062023100620240621,20240209,2
0000000062023100620240621,20240210,2
0000000062023100620240621,20240212,2
0000000062023100620240621,20240213,2
0000000062023100620240621,20240328,2
0000000062023100620240621,20240329,2
0000000062023100620240621,20240330,2
0000000062023100620240621,20240401,2
0000000062023100620240621,20240402,2
0000000062023100620240621,20240425,2
0000000062023100620240621,20240501,2
0000000062023100620240621,20240612,2
0000000062023100620240621,20240613,2
0000000062023100620240621,20240614,2
0000000062023100620240621,20240615,2
0000000062023100620240621,20240617,2
0000000062023100620240621,20240618,2
0000000062023100620240621,20240619,2
0000000062023100620240621,20240620,2
0000000062023100620240621,20240621,2
0000000062023100720240621,20231101,2
0000000062023100720240621,20231208,2
0000000062023100720240621,20231209,2
0000000062023100720240621,20231223,2
0000000062023100720240621,20231225,2
0000000062023100720240621,20231226,2
0000000062023100720240621,20231227,2
0000000062023100720240621,20231228,2
0000000062023100720240621,20231229,2
0000000062023100720240621,20231230,2
0000000062023100720240621,20240101,2
0000000062023100720240621,20240102,2
0000000062023100720240621,20240103,2
0000000062023100720240621,20240104,2
0000000062023100720240621,20240105,2
0000000062023100720240621,20240106,2
0000000062023100720240621,20240208,2
0000000062023100720240621,20240209,2
0000000062023100720240621,20240210,2
0000000062023100720240621,20240212,2
0000000062023100720240621,20240213,2
0000000062023100720240621,20240328,2
0000000062023100720240621,20240329,2
0000000062023100720240621,20240330,2
0000000062023100720240621,20240401,2
0000000062023100720240621,20240402,2
0000000062023100720240621,20240425,2
0000000062023100720240621,20240501,2
0000000062023100720240621,20240612,2
0000000062023100720240621,20240613,2
0000000062023100720240621,20240614,2
0000000062023100720240621,20240615,2
0000000062023100720240621,20240617,2
0000000062023100720240621,20240618,2
0000000062023100720240621,20240619,2
0000000062023100720240621,20240620,2
0000000062023100720240621,20240621,2
0000000072023091120240621,20231101,1
0000000072023091120240621,20231208,1
0000000072023091120240621,20231225,1
0000000072023091120240621,20231226,1
0000000072023091120240621,20240101,1
0000000072023091120240621,20240106,1
0000000072023091120240621,20240401,1
0000000072023091120240621,20240425,1
0000000072023091120240621,20240501,1
0000000072023091220240621,20231101,1
0000000072023091220240621,20231208,1
0000000072023091220240621,20231225,1
0000000072023091220240621,20231226,1
0000000072023091220240621,20240101,1
0000000072023091220240621,20240106,1
0000000072023091220240621,20240401,1
0000000072023091220240621,20240425,1
0000000072023091220240621,20240501,1
0000000072023092120240621,20231101,1
0000000072023092120240621,20231208,1
0000000072023092120240621,20231225,1
0000000072023092120240621,20231226,1
0000000072023092120240621,20240101,1
0000000072023092120240621,20240106,1
0000000072023092120240621,20240401,1
0000000072023092120240621,20240425,1
0000000072023092120240621,20240501,1
0000000072023122420240317,20231225,1
0000000072023122420240317,20231226,1
0000000072023122420240317,20240101,1
0000000072023122420240317,20240106,1
0000000072023122620240317,20231226,1
0000000072023122620240317,20240101,1
0000000072023122620240317,20240106,1
0000000092023091120240621,20231013,2
0000000092023091120240621,20231014,2
0000000092023091120240621,20231016,2
0000000092023091120240621,20231017,2
0000000092023091120240621,20231018,2
0000000092023091120240621,20231019,2
0000000092023091120240621,20231020,2
0000000092023091120240621,20231021,2
0000000092023091120240621,20231023,2
0000000092023091120240621,20231024,2
0000000092023091120240621,20231025,2
0000000092023091120240621,20231026,2
0000000092023091120240621,20231027,2
0000000092023091120240621,20231028,2
0000000092023091120240621,20231030,2
0000000092023091120240621,20231031,2
0000000092023091120240621,20231101,2
0000000092023091120240621,20231102,2
0000000092023091120240621,20231103,2
0000000092023091120240621,20231104,2
0000000092023091120240621,20231106,2
0000000092023091120240621,20231107,2
0000000092023091120240621,20231108,2
0000000092023091120240621,20231109,2
0000000092023091120240621,20231110,2
0000000092023091120240621,20231111,2
0000000092023091120240621,20231113,2
0000000092023091120240621,20231114,2
0000000092023091120240621,20231115,2
0000000092023091120240621,20231116,2
0000000092023091120240621,20231117,2
0000000092023091120240621,20231118,2
0000000092023091120240621,20231120,2
0000000092023091120240621,20231121,2
0000000092023091120240621,20231122,2
0000000092023091120240621,20231123,2
0000000092023091120240621,20231124,2
0000000092023091120240621,20231125,2
0000000092023091120240621,20231127,2
0000000092023091120240621,20231128,2
0000000092023091120240621,20231129,2
0000000092023091120240621,20231130,2
0000000092023091120240621,20231201,2
0000000092023091120240621,20231202,2
0000000092023091120240621,20231204,2
0000000092023091120240621,20231205,2
0000000092023091120240621,20231206,2
0000000092023091120240621,20231207,2
0000000092023091120240621,20231208,2
0000000092023091120240621,20231209,1
0000000092023091120240621,20231211,2
0000000092023091120240621,20231212,2
0000000092023091120240621,20231213,2
0000000092023091120240621,20231214,2
0000000092023091120240621,20231215,2
0000000092023091120240621,20231216,2
0000000092023091120240621,20231218,2
0000000092023091120240621,20231219,2
0000000092023091120240621,20231220,2
0000000092023091120240621,20231221,2
0000000092023091120240621,20231222,2
0000000092023091120240621,20231223,1
0000000092023091120240621,20231225,2
0000000092023091120240621,20231226,2
0000000092023091120240621,20231227,1
0000000092023091120240621,20231228,1
0000000092023091120240621,20231229,1
0000000092023091120240621,20231230,1
0000000092023091120240621,20240101,2
0000000092023091120240621,20240102,1
0000000092023091120240621,20240103,1
0000000092023091120240621,20240104,1
0000000092023091120240621,20240105,1
0000000092023091120240621,20240106,2
0000000092023091120240621,20240108,2
0000000092023091120240621,20240109,2
0000000092023091120240621,20240110,2
0000000092023091120240621,20240111,2
0000000092023091120240621,20240112,2
0000000092023091120240621,20240113,2
0000000092023091120240621,20240115,2
0000000092023091120240621,20240116,2
0000000092023091120240621,20240117,2
0000000092023091120240621,20240118,2
0000000092023091120240621,20240119,2
0000000092023091120240621,20240120,2
0000000092023091120240621,20240122,2
0000000092023091120240621,20240123,2
0000000092023091120240621,20240124,2
0000000092023091120240621,20240125,2
0000000092023091120240621,20240126,2
0000000092023091120240621,20240127,2
0000000092023091120240621,20240129,2
0000000092023091120240621,20240130,2
0000000092023091120240621,20240131,2
0000000092023091120240621,20240201,2
0000000092023091120240621,20240202,2
0000000092023091120240621,20240203,2
0000000092023091120240621,20240205,2
0000000092023091120240621,20240206,2
0000000092023091120240621,20240207,2
0000000092023091120240621,20240208,1
0000000092023091120240621,20240209,1
0000000092023091120240621,20240210,1
0000000092023091120240621,20240212,1
0000000092023091120240621,20240213,1
0000000092023091120240621,20240214,2
0000000092023091120240621,20240215,2
0000000092023091120240621,20240216,2
0000000092023091120240621,20240217,2
0000000092023091120240621,20240219,2
0000000092023091120240621,20240220,2
0000000092023091120240621,20240221,2
0000000092023091120240621,20240222,2
0000000092023091120240621,20240223,2
0000000092023091120240621,20240224,2
0000000092023091120240621,20240226,2
0000000092023091120240621,20240227,2
0000000092023091120240621,20240228,2
0000000092023091120240621,20240229,2
0000000092023091120240621,20240301,2
0000000092023091120240621,20240302,2
0000000092023091120240621,20240304,2
0000000092023091120240621,20240305,2
0000000092023091120240621,20240306,2
0000000092023091120240621,20240307,2
0000000092023091120240621,20240308,2
0000000092023091120240621,20240309,2
0000000092023091120240621,20240311,2
0000000092023091120240621,20240312,2
0000000092023091120240621,20240313,2
0000000092023091120240621,20240314,2
0000000092023091120240621,20240315,2
0000000092023091120240621,20240316,2
0000000092023091120240621,20240318,2
0000000092023091120240621,20240319,2
0000000092023091120240621,20240320,2
0000000092023091120240621,20240321,2
0000000092023091120240621,20240322,2
0000000092023091120240621,20240323,2
0000000092023091120240621,20240325,2
0000000092023091120240621,20240326,2
0000000092023091120240621,20240327,2
0000000092023091120240621,20240328,1
0000000092023091120240621,20240329,1
0000000092023091120240621,20240330,1
0000000092023091120240621,20240401,2
0000000092023091120240621,20240402,1
0000000092023091120240621,20240403,2
0000000092023091120240621,20240404,2
0000000092023091120240621,20240405,2
0000000092023091120240621,20240406,2
0000000092023091120240621,20240408,2
0000000092023091120240621,20240409,2
0000000092023091120240621,20240410,2
0000000092023091120240621,20240411,2
0000000092023091120240621,20240412,2
0000000092023091120240621,20240413,2
0000000092023091120240621,20240415,2
0000000092023091120240621,20240416,2
0000000092023091120240621,20240417,2
0000000092023091120240621,20240418,2
0000000092023091120240621,20240419,2
0000000092023091120240621,20240420,2
0000000092023091120240621,20240422,2
0000000092023091120240621,20240423,2
0000000092023091120240621,20240424,2
0000000092023091120240621,20240425,2
0000000092023091120240621,20240426,2
0000000092023091120240621,20240427,2
0000000092023091120240621,20240429,2
0000000092023091120240621,20240430,2
0000000092023091120240621,20240501,2
0000000092023091120240621,20240502,2
0000000092023091120240621,20240503,2
0000000092023091120240621,20240504,2
0000000092023091120240621,20240506,2
0000000092023091120240621,20240507,2
0000000092023091120240621,20240508,2
0000000092023091120240621,20240509,2
0000000092023091120240621,20240510,2
0000000092023091120240621,20240511,2
0000000092023091120240621,20240513,2
0000000092023091120240621,20240514,2
0000000092023091120240621,20240515,2
0000000092023091120240621,20240516,2
0000000092023091120240621,20240517,2
0000000092023091120240621,20240518,2
0000000092023091120240621,20240520,2
0000000092023091120240621,20240521,2
0000000092023091120240621,20240522,2
0000000092023091120240621,20240523,2
0000000092023091120240621,20240524,2
0000000092023091120240621,20240525,2
0000000092023091120240621,20240527,2
0000000092023091120240621,20240528,2
0000000092023091120240621,20240529,2
0000000092023091120240621,20240530,2
0000000092023091120240621,20240531,2
0000000092023091120240621,20240601,2
0000000092023091120240621,20240603,2
0000000092023091120240621,20240604,2
0000000092023091120240621,20240605,2
0000000092023091120240621,20240606,2
0000000092023091120240621,20240607,2
0000000092023091120240621,20240608,2
0000000092023091120240621,20240610,2
0000000092023091120240621,20240611,2
0000000092023091120240621,20240612,1
0000000092023091120240621,20240613,1
0000000092023091120240621,20240614,1
0000000092023091120240621,20240615,1
0000000092023091120240621,20240617,1
0000000092023091120240621,20240618,1
0000000092023091120240621,20240619,1
0000000092023091120240621,20240620,1
0000000092023091120240621,20240621,1
0000000092023091220240621,20231013,2
0000000092023091220240621,20231014,2
0000000092023091220240621,20231016,2
0000000092023091220240621,20231017,2
0000000092023091220240621,20231018,2
0000000092023091220240621,20231019,2
0000000092023091220240621,20231020,2
0000000092023091220240621,20231021,2
0000000092023091220240621,20231023,2
0000000092023091220240621,20231024,2
0000000092023091220240621,20231025,2
0000000092023091220240621,20231026,2
0000000092023091220240621,20231027,2
0000000092023091220240621,20231028,2
0000000092023091220240621,20231030,2
0000000092023091220240621,20231031,2
0000000092023091220240621,20231101,2
0000000092023091220240621,20231102,2
0000000092023091220240621,20231103,2
0000000092023091220240621,20231104,2
0000000092023091220240621,20231106,2
0000000092023091220240621,20231107,2
0000000092023091220240621,20231108,2
0000000092023091220240621,20231109,2
0000000092023091220240621,20231110,2
0000000092023091220240621,20231111,2
0000000092023091220240621,20231113,2
0000000092023091220240621,20231114,2
0000000092023091220240621,20231115,2
0000000092023091220240621,20231116,2
0000000092023091220240621,20231117,2
0000000092023091220240621,20231118,2
0000000092023091220240621,20231120,2
0000000092023091220240621,20231121,2
0000000092023091220240621,20231122,2
0000000092023091220240621,20231123,2
0000000092023091220240621,20231124,2
0000000092023091220240621,20231125,2
0000000092023091220240621,20231127,2
0000000092023091220240621,20231128,2
0000000092023091220240621,20231129,2
0000000092023091220240621,20231130,2
0000000092023091220240621,20231201,2
0000000092023091220240621,20231202,2
0000000092023091220240621,20231204,2
0000000092023091220240621,20231205,2
0000000092023091220240621,20231206,2
0000000092023091220240621,20231207,2
0000000092023091220240621,20231208,2
0000000092023091220240621,20231209,1
0000000092023091220240621,20231211,2
0000000092023091220240621,20231212,2
0000000092023091220240621,20231213,2
0000000092023091220240621,20231214,2
0000000092023091220240621,20231215,2
0000000092023091220240621,20231216,2
0000000092023091220240621,20231218,2
0000000092023091220240621,20231219,2
0000000092023091220240621,20231220,2
0000000092023091220240621,20231221,2
0000000092023091220240621,20231222,2
0000000092023091220240621,20231223,1
0000000092023091220240621,20231225,2
0000000092023091220240621,20231226,2
0000000092023091220240621,20231227,1
0000000092023091220240621,20231228,1
0000000092023091220240621,20231229,1
0000000092023091220240621,20231230,1
0000000092023091220240621,20240101,2
0000000092023091220240621,20240102,1
0000000092023091220240621,20240103,1
0000000092023091220240621,20240104,1
0000000092023091220240621,20240105,1
0000000092023091220240621,20240106,2
0000000092023091220240621,20240108,2
0000000092023091220240621,20240109,2
0000000092023091220240621,20240110,2
0000000092023091220240621,20240111,2
0000000092023091220240621,20240112,2
0000000092023091220240621,20240113,2
0000000092023091220240621,20240115,2
0000000092023091220240621,20240116,2
0000000092023091220240621,20240117,2
0000000092023091220240621,20240118,2
0000000092023091220240621,20240119,2
0000000092023091220240621,20240120,2
0000000092023091220240621,20240122,2
0000000092023091220240621,20240123,2
0000000092023091220240621,20240124,2
0000000092023091220240621,20240125,2
0000000092023091220240621,20240126,2
0000000092023091220240621,20240127,2
0000000092023091220240621,20240129,2
0000000092023091220240621,20240130,2
0000000092023091220240621,20240131,2
0000000092023091220240621,20240201,2
0000000092023091220240621,20240202,2
0000000092023091220240621,20240203,2
0000000092023091220240621,20240205,2
0000000092023091220240621,20240206,2
0000000092023091220240621,20240207,2
0000000092023091220240621,20240208,1
0000000092023091220240621,20240209,1
0000000092023091220240621,20240210,1
0000000092023091220240621,20240212,1
0000000092023091220240621,20240213,1
0000000092023091220240621,20240214,2
0000000092023091220240621,20240215,2
0000000092023091220240621,20240216,2
0000000092023091220240621,20240217,2
0000000092023091220240621,20240219,2
0000000092023091220240621,20240220,2
0000000092023091220240621,20240221,2
0000000092023091220240621,20240222,2
0000000092023091220240621,20240223,2
0000000092023091220240621,20240224,2
0000000092023091220240621,20240226,2
0000000092023091220240621,20240227,2
0000000092023091220240621,20240228,2
0000000092023091220240621,20240229,2
0000000092023091220240621,20240301,2
0000000092023091220240621,20240302,2
0000000092023091220240621,20240304,2
0000000092023091220240621,20240305,2
0000000092023091220240621,20240306,2
0000000092023091220240621,20240307,2
0000000092023091220240621,20240308,2
0000000092023091220240621,20240309,2
0000000092023091220240621,20240311,2
0000000092023091220240621,20240312,2
0000000092023091220240621,20240313,2
0000000092023091220240621,20240314,2
0000000092023091220240621,20240315,2
0000000092023091220240621,20240316,2
0000000092023091220240621,20240318,2
0000000092023091220240621,20240319,2
0000000092023091220240621,20240320,2
0000000092023091220240621,20240321,2
0000000092023091220240621,20240322,2
0000000092023091220240621,20240323,2
0000000092023091220240621,20240325,2
0000000092023091220240621,20240326,2
0000000092023091220240621,20240327,2
0000000092023091220240621,20240328,1
0000000092023091220240621,20240329,1
0000000092023091220240621,20240330,1
0000000092023091220240621,20240401,2
0000000092023091220240621,20240402,1
0000000092023091220240621,20240403,2
0000000092023091220240621,20240404,2
0000000092023091220240621,20240405,2
0000000092023091220240621,20240406,2
0000000092023091220240621,20240408,2
0000000092023091220240621,20240409,2
0000000092023091220240621,20240410,2
0000000092023091220240621,20240411,2
0000000092023091220240621,20240412,2
0000000092023091220240621,20240413,2
0000000092023091220240621,20240415,2
0000000092023091220240621,20240416,2
0000000092023091220240621,20240417,2
0000000092023091220240621,20240418,2
0000000092023091220240621,20240419,2
0000000092023091220240621,20240420,2
0000000092023091220240621,20240422,2
0000000092023091220240621,20240423,2
0000000092023091220240621,20240424,2
0000000092023091220240621,20240425,2
0000000092023091220240621,20240426,2
0000000092023091220240621,20240427,2
0000000092023091220240621,20240429,2
0000000092023091220240621,20240430,2
0000000092023091220240621,20240501,2
0000000092023091220240621,20240502,2
0000000092023091220240621,20240503,2
0000000092023091220240621,20240504,2
0000000092023091220240621,20240506,2
0000000092023091220240621,20240507,2
0000000092023091220240621,20240508,2
0000000092023091220240621,20240509,2
0000000092023091220240621,20240510,2
0000000092023091220240621,20240511,2
0000000092023091220240621,20240513,2
0000000092023091220240621,20240514,2
0000000092023091220240621,20240515,2
0000000092023091220240621,20240516,2
0000000092023091220240621,20240517,2
0000000092023091220240621,20240518,2
0000000092023091220240621,20240520,2
0000000092023091220240621,20240521,2
0000000092023091220240621,20240522,2
0000000092023091220240621,20240523,2
0000000092023091220240621,20240524,2
0000000092023091220240621,20240525,2
0000000092023091220240621,20240527,2
0000000092023091220240621,20240528,2
0000000092023091220240621,20240529,2
0000000092023091220240621,20240530,2
0000000092023091220240621,20240531,2
0000000092023091220240621,20240601,2
0000000092023091220240621,20240603,2
0000000092023091220240621,20240604,2
0000000092023091220240621,20240605,2
0000000092023091220240621,20240606,2
0000000092023091220240621,20240607,2
0000000092023091220240621,20240608,2
0000000092023091220240621,20240610,2
0000000092023091220240621,20240611,2
0000000092023091220240621,20240612,1
0000000092023091220240621,20240613,1
0000000092023091220240621,20240614,1
0000000092023091220240621,20240615,1
0000000092023091220240621,20240617,1
0000000092023091220240621,20240618,1
0000000092023091220240621,20240619,1
0000000092023091220240621,20240620,1
0000000092023091220240621,20240621,1
0000000092023092720240621,20231013,2
0000000092023092720240621,20231014,2
0000000092023092720240621,20231016,2
0000000092023092720240621,20231017,2
0000000092023092720240621,20231018,2
0000000092023092720240621,20231019,2
0000000092023092720240621,20231020,2
0000000092023092720240621,20231021,2
0000000092023092720240621,20231023,2
0000000092023092720240621,20231024,2
0000000092023092720240621,20231025,2
0000000092023092720240621,20231026,2
0000000092023092720240621,20231027,2
0000000092023092720240621,20231028,2
0000000092023092720240621,20231030,2
0000000092023092720240621,20231031,2
0000000092023092720240621,20231101,2
0000000092023092720240621,20231102,2
0000000092023092720240621,20231103,2
0000000092023092720240621,20231104,2
0000000092023092720240621,20231106,2
0000000092023092720240621,20231107,2
0000000092023092720240621,20231108,2
0000000092023092720240621,20231109,2
0000000092023092720240621,20231110,2
0000000092023092720240621,20231111,2
0000000092023092720240621,20231113,2
0000000092023092720240621,20231114,2
0000000092023092720240621,20231115,2
0000000092023092720240621,20231116,2
0000000092023092720240621,20231117,2
0000000092023092720240621,20231118,2
0000000092023092720240621,20231120,2
0000000092023092720240621,20231121,2
0000000092023092720240621,20231122,2
0000000092023092720240621,20231123,2
0000000092023092720240621,20231124,2
0000000092023092720240621,20231125,2
0000000092023092720240621,20231127,2
0000000092023092720240621,20231128,2
0000000092023092720240621,20231129,2
0000000092023092720240621,20231130,2
0000000092023092720240621,20231201,2
0000000092023092720240621,20231202,2
0000000092023092720240621,20231204,2
0000000092023092720240621,20231205,2
0000000092023092720240621,20231206,2
0000000092023092720240621,20231207,2
0000000092023092720240621,20231208,2
0000000092023092720240621,20231209,1
0000000092023092720240621,20231211,2
0000000092023092720240621,20231212,2
0000000092023092720240621,20231213,2
0000000092023092720240621,20231214,2
0000000092023092720240621,20231215,2
0000000092023092720240621,20231216,2
0000000092023092720240621,20231218,2
0000000092023092720240621,20231219,2
0000000092023092720240621,20231220,2
0000000092023092720240621,20231221,2
0000000092023092720240621,20231222,2
0000000092023092720240621,20231223,1
0000000092023092720240621,20231225,2
0000000092023092720240621,20231226,2
0000000092023092720240621,20231227,1
0000000092023092720240621,20231228,1
0000000092023092720240621,20231229,1
0000000092023092720240621,20231230,1
0000000092023092720240621,20240101,2
0000000092023092720240621,20240102,1
0000000092023092720240621,20240103,1
0000000092023092720240621,20240104,1
0000000092023092720240621,20240105,1
0000000092023092720240621,20240106,2
0000000092023092720240621,20240108,2
0000000092023092720240621,20240109,2
0000000092023092720240621,20240110,2
0000000092023092720240621,20240111,2
0000000092023092720240621,20240112,2
0000000092023092720240621,20240113,2
0000000092023092720240621,20240115,2
0000000092023092720240621,20240116,2
0000000092023092720240621,20240117,2
0000000092023092720240621,20240118,2
0000000092023092720240621,20240119,2
0000000092023092720240621,20240120,2
0000000092023092720240621,20240122,2
0000000092023092720240621,20240123,2
0000000092023092720240621,20240124,2
0000000092023092720240621,20240125,2
0000000092023092720240621,20240126,2
0000000092023092720240621,20240127,2
0000000092023092720240621,20240129,2
0000000092023092720240621,20240130,2
0000000092023092720240621,20240131,2
0000000092023092720240621,20240201,2
0000000092023092720240621,20240202,2
0000000092023092720240621,20240203,2
0000000092023092720240621,20240205,2
0000000092023092720240621,20240206,2
0000000092023092720240621,20240207,2
0000000092023092720240621,20240208,1
0000000092023092720240621,20240209,1
0000000092023092720240621,20240210,1
0000000092023092720240621,20240212,1
0000000092023092720240621,20240213,1
0000000092023092720240621,20240214,2
0000000092023092720240621,20240215,2
0000000092023092720240621,20240216,2
0000000092023092720240621,20240217,2
0000000092023092720240621,20240219,2
0000000092023092720240621,20240220,2
0000000092023092720240621,20240221,2
0000000092023092720240621,20240222,2
0000000092023092720240621,20240223,2
0000000092023092720240621,20240224,2
0000000092023092720240621,20240226,2
0000000092023092720240621,20240227,2
0000000092023092720240621,20240228,2
0000000092023092720240621,20240229,2
0000000092023092720240621,20240301,2
0000000092023092720240621,20240302,2
0000000092023092720240621,20240304,2
0000000092023092720240621,20240305,2
0000000092023092720240621,20240306,2
0000000092023092720240621,20240307,2
0000000092023092720240621,20240308,2
0000000092023092720240621,20240309,2
0000000092023092720240621,20240311,2
0000000092023092720240621,20240312,2
0000000092023092720240621,20240313,2
0000000092023092720240621,20240314,2
0000000092023092720240621,20240315,2
0000000092023092720240621,20240316,2
0000000092023092720240621,20240318,2
0000000092023092720240621,20240319,2
0000000092023092720240621,20240320,2
0000000092023092720240621,20240321,2
0000000092023092720240621,20240322,2
0000000092023092720240621,20240323,2
0000000092023092720240621,20240325,2
0000000092023092720240621,20240326,2
0000000092023092720240621,20240327,2
0000000092023092720240621,20240328,1
0000000092023092720240621,20240329,1
0000000092023092720240621,20240330,1
0000000092023092720240621,20240401,2
0000000092023092720240621,20240402,1
0000000092023092720240621,20240403,2
0000000092023092720240621,20240404,2
0000000092023092720240621,20240405,2
0000000092023092720240621,20240406,2
0000000092023092720240621,20240408,2
0000000092023092720240621,20240409,2
0000000092023092720240621,20240410,2
0000000092023092720240621,20240411,2
0000000092023092720240621,20240412,2
0000000092023092720240621,20240413,2
0000000092023092720240621,20240415,2
0000000092023092720240621,20240416,2
0000000092023092720240621,20240417,2
0000000092023092720240621,20240418,2
0000000092023092720240621,20240419,2
0000000092023092720240621,20240420,2
0000000092023092720240621,20240422,2
0000000092023092720240621,20240423,2
0000000092023092720240621,20240424,2
0000000092023092720240621,20240425,2
0000000092023092720240621,20240426,2
0000000092023092720240621,20240427,2
0000000092023092720240621,20240429,2
0000000092023092720240621,20240430,2
0000000092023092720240621,20240501,2
0000000092023092720240621,20240502,2
0000000092023092720240621,20240503,2
0000000092023092720240621,20240504,2
0000000092023092720240621,20240506,2
0000000092023092720240621,20240507,2
0000000092023092720240621,20240508,2
0000000092023092720240621,20240509,2
0000000092023092720240621,20240510,2
0000000092023092720240621,20240511,2
0000000092023092720240621,20240513,2
0000000092023092720240621,20240514,2
0000000092023092720240621,20240515,2
0000000092023092720240621,20240516,2
0000000092023092720240621,20240517,2
0000000092023092720240621,20240518,2
0000000092023092720240621,20240520,2
0000000092023092720240621,20240521,2
0000000092023092720240621,20240522,2
0000000092023092720240621,20240523,2
0000000092023092720240621,20240524,2
0000000092023092720240621,20240525,2
0000000092023092720240621,20240527,2
0000000092023092720240621,20240528,2
0000000092023092720240621,20240529,2
0000000092023092720240621,20240530,2
0000000092023092720240621,20240531,2
0000000092023092720240621,20240601,2
0000000092023092720240621,20240603,2
0000000092023092720240621,20240604,2
0000000092023092720240621,20240605,2
0000000092023092720240621,20240606,2
0000000092023092720240621,20240607,2
0000000092023092720240621,20240608,2
0000000092023092720240621,20240610,2
0000000092023092720240621,20240611,2
0000000092023092720240621,20240612,1
0000000092023092720240621,20240613,1
0000000092023092720240621,20240614,1
0000000092023092720240621,20240615,1
0000000092023092720240621,20240617,1
0000000092023092720240621,20240618,1
0000000092023092720240621,20240619,1
0000000092023092720240621,20240620,1
0000000092023092720240621,20240621,1
0000000302023091120240621,20231016,1
0000000302023091120240621,20231023,1
0000000302023091120240621,20231030,1
0000000302023091120240621,20231101,2
0000000302023091120240621,20231102,1
0000000302023091120240621,20231106,1
0000000302023091120240621,20231113,1
0000000302023091120240621,20231120,1
0000000302023091120240621,20231127,1
0000000302023091120240621,20231204,1
0000000302023091120240621,20231208,2
0000000302023091120240621,20231211,1
0000000302023091120240621,20231218,1
0000000302023091120240621,20231225,2
0000000302023091120240621,20231226,2
0000000302023091120240621,20240101,2
0000000302023091120240621,20240106,2
0000000302023091120240621,20240108,1
0000000302023091120240621,20240115,1
0000000302023091120240621,20240122,1
0000000302023091120240621,20240129,1
0000000302023091120240621,20240205,1
0000000302023091120240621,20240219,1
0000000302023091120240621,20240226,1
0000000302023091120240621,20240304,1
0000000302023091120240621,20240311,1
0000000302023091120240621,20240318,1
0000000302023091120240621,20240325,1
0000000302023091120240621,20240401,2
0000000302023091120240621,20240408,1
0000000302023091120240621,20240415,1
0000000302023091120240621,20240422,1
0000000302023091120240621,20240425,2
0000000302023091120240621,20240426,1
0000000302023091120240621,20240429,1
0000000302023091120240621,20240501,2
0000000302023091120240621,20240502,1
0000000302023091120240621,20240506,1
0000000302023091120240621,20240513,1
0000000302023091120240621,20240520,1
0000000302023091120240621,20240527,1
0000000302023091120240621,20240603,1
0000000302023091120240621,20240610,1
0000000322023091120240621,20231101,2
0000000322023091120240621,20231208,2
0000000322023091120240621,20231225,2
0000000322023091120240621,20231226,2
0000000322023091120240621,20240101,2
0000000322023091120240621,20240106,2
0000000322023091120240621,20240401,2
0000000322023091120240621,20240425,2
0000000322023091120240621,20240501,2
0000000352023091120240621,20231015,1
0000000352023091120240621,20231022,1
0000000352023091120240621,20231029,1
0000000352023091120240621,20231105,1
0000000352023091120240621,20231112,1
0000000352023091120240621,20231119,1
0000000352023091120240621,20231126,1
0000000352023091120240621,20231203,1
0000000352023091120240621,20231210,1
0000000352023091120240621,20231217,1
0000000352023091120240621,20240107,1
0000000352023091120240621,20240114,1
0000000352023091120240621,20240121,1
0000000352023091120240621,20240128,1
0000000352023091120240621,20240204,1
0000000352023091120240621,20240218,1
0000000352023091120240621,20240225,1
0000000352023091120240621,20240303,1
0000000352023091120240621,20240310,1
0000000352023091120240621,20240317,1
0000000352023091120240621,20240324,1
0000000352023091120240621,20240407,1
0000000352023091120240621,20240414,1
0000000352023091120240621,20240421,1
0000000352023091120240621,20240428,1
0000000352023091120240621,20240505,1
0000000352023091120240621,20240512,1
0000000352023091120240621,20240519,1
0000000352023091120240621,20240526,1
0000000352023091120240621,20240602,1
0000000352023091120240621,20240609,1
0000000402023091120240621,20231101,2
0000000402023091120240621,20231208,2
0000000402023091120240621,20231225,2
0000000402023091120240621,20231226,2
0000000402023091120240621,20240101,2
0000000402023091120240621,20240106,2
0000000402023091120240621,20240401,2
0000000402023091120240621,20240425,2
0000000402023091120240621,20240501,2
0000000412023091120240621,20231101,2
0000000412023091120240621,20231208,2
0000000412023091120240621,20231225,2
0000000412023091120240621,20231226,2
0000000412023091120240621,20240101,2
0000000412023091120240621,20240106,2
0000000412023091120240621,20240401,2
0000000412023091120240621,20240425,2
0000000412023091120240621,20240501,2
0000000502023091120240621,20231101,2
0000000502023091120240621,20231208,2
0000000502023091120240621,20231225,2
0000000502023091120240621,20231226,2
0000000502023091120240621,20240101,2
0000000502023091120240621,20240106,2
0000000502023091120240621,20240401,2
0000000502023091120240621,20240425,2
0000000502023091120240621,20240501,2
0000000822023091120240621,20231101,2
0000000822023091120240621,20231208,2
0000000822023091120240621,20231209,2
0000000822023091120240621,20231223,2
0000000822023091120240621,20231225,2
0000000822023091120240621,20231226,2
0000000822023091120240621,20231227,2
0000000822023091120240621,20231228,2
0000000822023091120240621,20231229,2
0000000822023091120240621,20231230,2
0000000822023091120240621,20240101,2
0000000822023091120240621,20240102,2
0000000822023091120240621,20240103,2
0000000822023091120240621,20240104,2
0000000822023091120240621,20240105,2
0000000822023091120240621,20240106,2
0000000822023091120240621,20240208,2
0000000822023091120240621,20240209,2
0000000822023091120240621,20240210,2
0000000822023091120240621,20240212,2
0000000822023091120240621,20240213,2
0000000822023091120240621,20240328,2
0000000822023091120240621,20240329,2
0000000822023091120240621,20240330,2
0000000822023091120240621,20240401,2
0000000822023091120240621,20240402,2
0000000822023091120240621,20240425,2
0000000822023091120240621,20240501,2
0000000822023091120240621,20240612,2
0000000822023091120240621,20240613,2
0000000822023091120240621,20240614,2
0000000822023091120240621,20240615,2
0000000822023091120240621,20240617,2
0000000822023091120240621,20240618,2
0000000822023091120240621,20240619,2
0000000822023091120240621,20240620,2
0000000822023091120240621,20240621,2
0000000822023091220240621,20231101,2
0000000822023091220240621,20231208,2
0000000822023091220240621,20231209,2
0000000822023091220240621,20231223,2
0000000822023091220240621,20231225,2
0000000822023091220240621,20231226,2
0000000822023091220240621,20231227,2
0000000822023091220240621,20231228,2
0000000822023091220240621,20231229,2
0000000822023091220240621,20231230,2
0000000822023091220240621,20240101,2
0000000822023091220240621,20240102,2
0000000822023091220240621,20240103,2
0000000822023091220240621,20240104,2
0000000822023091220240621,20240105,2
0000000822023091220240621,20240106,2
0000000822023091220240621,20240208,2
0000000822023091220240621,20240209,2
0000000822023091220240621,20240210,2
0000000822023091220240621,20240212,2
0000000822023091220240621,20240213,2
0000000822023091220240621,20240328,2
0000000822023091220240621,20240329,2
0000000822023091220240621,20240330,2
0000000822023091220240621,20240401,2
0000000822023091220240621,20240402,2
0000000822023091220240621,20240425,2
0000000822023091220240621,20240501,2
0000000822023091220240621,20240612,2
0000000822023091220240621,20240613,2
0000000822023091220240621,20240614,2
0000000822023091220240621,20240615,2
0000000822023091220240621,20240617,2
0000000822023091220240621,20240618,2
0000000822023091220240621,20240619,2
0000000822023091220240621,20240620,2
0000000822023091220240621,20240621,2
0000000822023091420240621,20231101,2
0000000822023091420240621,20231208,2
0000000822023091420240621,20231209,2
0000000822023091420240621,20231223,2
0000000822023091420240621,20231225,2
0000000822023091420240621,20231226,2
0000000822023091420240621,20231227,2
0000000822023091420240621,20231228,2
0000000822023091420240621,20231229,2
0000000822023091420240621,20231230,2
0000000822023091420240621,20240101,2
0000000822023091420240621,20240102,2
0000000822023091420240621,20240103,2
0000000822023091420240621,20240104,2
0000000822023091420240621,20240105,2
0000000822023091420240621,20240106,2
0000000822023091420240621,20240208,2
0000000822023091420240621,20240209,2
0000000822023091420240621,20240210,2
0000000822023091420240621,20240212,2
0000000822023091420240621,20240213,2
0000000822023091420240621,20240328,2
0000000822023091420240621,20240329,2
0000000822023091420240621,20240330,2
0000000822023091420240621,20240401,2
0000000822023091420240621,20240402,2
0000000822023091420240621,20240425,2
0000000822023091420240621,20240501,2
0000000822023091420240621,20240612,2
0000000822023091420240621,20240613,2
0000000822023091420240621,20240614,2
0000000822023091420240621,20240615,2
0000000822023091420240621,20240617,2
0000000822023091420240621,20240618,2
0000000822023091420240621,20240619,2
0000000822023091420240621,20240620,2
0000000822023091420240621,20240621,2
0000000822023100420240621,20231101,2
0000000822023100420240621,20231208,2
0000000822023100420240621,20231209,2
0000000822023100420240621,20231223,2
0000000822023100420240621,20231225,2
0000000822023100420240621,20231226,2
0000000822023100420240621,20231227,2
0000000822023100420240621,20231228,2
0000000822023100420240621,20231229,2
0000000822023100420240621,20231230,2
0000000822023100420240621,20240101,2
0000000822023100420240621,20240102,2
0000000822023100420240621,20240103,2
0000000822023100420240621,20240104,2
0000000822023100420240621,20240105,2
0000000822023100420240621,20240106,2
0000000822023100420240621,20240208,2
0000000822023100420240621,20240209,2
0000000822023100420240621,20240210,2
0000000822023100420240621,20240212,2
0000000822023100420240621,20240213,2
0000000822023100420240621,20240328,2
0000000822023100420240621,20240329,2
0000000822023100420240621,20240330,2
0000000822023100420240621,20240401,2
0000000822023100420240621,20240402,2
0000000822023100420240621,20240425,2
0000000822023100420240621,20240501,2
0000000822023100420240621,20240612,2
0000000822023100420240621,20240613,2
0000000822023100420240621,20240614,2
0000000822023100420240621,20240615,2
0000000822023100420240621,20240617,2
0000000822023100420240621,20240618,2
0000000822023100420240621,20240619,2
0000000822023100420240621,20240620,2
0000000822023100420240621,20240621,2
0000000822023100620240621,20231101,2
0000000822023100620240621,20231208,2
0000000822023100620240621,20231209,2
0000000822023100620240621,20231223,2
0000000822023100620240621,20231225,2
0000000822023100620240621,20231226,2
0000000822023100620240621,20231227,2
0000000822023100620240621,20231228,2
0000000822023100620240621,20231229,2
0000000822023100620240621,20231230,2
0000000822023100620240621,20240101,2
0000000822023100620240621,20240102,2
0000000822023100620240621,20240103,2
0000000822023100620240621,20240104,2
0000000822023100620240621,20240105,2
0000000822023100620240621,20240106,2
0000000822023100620240621,20240208,2
0000000822023100620240621,20240209,2
0000000822023100620240621,20240210,2
0000000822023100620240621,20240212,2
0000000822023100620240621,20240213,2
0000000822023100620240621,20240328,2
0000000822023100620240621,20240329,2
0000000822023100620240621,20240330,2
0000000822023100620240621,20240401,2
0000000822023100620240621,20240402,2
0000000822023100620240621,20240425,2
0000000822023100620240621,20240501,2
0000000822023100620240621,20240612,2
0000000822023100620240621,20240613,2
0000000822023100620240621,20240614,2
0000000822023100620240621,20240615,2
0000000822023100620240621,20240617,2
0000000822023100620240621,20240618,2
0000000822023100620240621,20240619,2
0000000822023100620240621,20240620,2
0000000822023100620240621,20240621,2
0000004512023091120240621,20231101,2
0000004512023091120240621,20231208,2
0000004512023091120240621,20231225,2
0000004512023091120240621,20231226,2
0000004512023091120240621,20240101,2
0000004512023091120240621,20240106,2
0000004512023091120240621,20240401,2
0000004512023091120240621,20240425,2
0000004512023091120240621,20240501,2
0000004512023091220240621,20231101,2
0000004512023091220240621,20231208,2
0000004512023091220240621,20231225,2
0000004512023091220240621,20231226,2
0000004512023091220240621,20240101,2
0000004512023091220240621,20240106,2
0000004512023091220240621,20240401,2
0000004512023091220240621,20240425,2
0000004512023091220240621,20240501,2
0000004512023092120240621,20231101,2
0000004512023092120240621,20231208,2
0000004512023092120240621,20231225,2
0000004512023092120240621,20231226,2
0000004512023092120240621,20240101,2
0000004512023092120240621,20240106,2
0000004512023092120240621,20240401,2
0000004512023092120240621,20240425,2
0000004512023092120240621,20240501,2
0000004512023092220240621,20231101,2
0000004512023092220240621,20231208,2
0000004512023092220240621,20231225,2
0000004512023092220240621,20231226,2
0000004512023092220240621,20240101,2
0000004512023092220240621,20240106,2
0000004512023092220240621,20240401,2
0000004512023092220240621,20240425,2
0000004512023092220240621,20240501,2
0000005552023091120240621,20231101,2
0000005552023091120240621,20231208,2
0000005552023091120240621,20231225,2
0000005552023091120240621,20231226,2
0000005552023091120240621,20240101,2
0000005552023091120240621,20240106,2
0000005552023091120240621,20240401,2
0000005552023091120240621,20240425,2
0000005552023091120240621,20240501,2
0000005902023091120240621,20231013,2
0000005902023091120240621,20231014,2
0000005902023091120240621,20231016,2
0000005902023091120240621,20231017,2
0000005902023091120240621,20231018,2
0000005902023091120240621,20231019,2
0000005902023091120240621,20231020,2
0000005902023091120240621,20231021,2
0000005902023091120240621,20231023,2
0000005902023091120240621,20231024,2
0000005902023091120240621,20231025,2
0000005902023091120240621,20231026,2
0000005902023091120240621,20231027,2
0000005902023091120240621,20231028,2
0000005902023091120240621,20231030,2
0000005902023091120240621,20231031,2
0000005902023091120240621,20231101,2
0000005902023091120240621,20231102,2
0000005902023091120240621,20231103,2
0000005902023091120240621,20231104,2
0000005902023091120240621,20231106,2
0000005902023091120240621,20231107,2
0000005902023091120240621,20231108,2
0000005902023091120240621,20231109,2
0000005902023091120240621,20231110,2
0000005902023091120240621,20231111,2
0000005902023091120240621,20231113,2
0000005902023091120240621,20231114,2
0000005902023091120240621,20231115,2
0000005902023091120240621,20231116,2
0000005902023091120240621,20231117,2
0000005902023091120240621,20231118,2
0000005902023091120240621,20231120,2
0000005902023091120240621,20231121,2
0000005902023091120240621,20231122,2
0000005902023091120240621,20231123,2
0000005902023091120240621,20231124,2
0000005902023091120240621,20231125,2
0000005902023091120240621,20231127,2
0000005902023091120240621,20231128,2
0000005902023091120240621,20231129,2
0000005902023091120240621,20231130,2
0000005902023091120240621,20231201,2
0000005902023091120240621,20231202,2
0000005902023091120240621,20231204,2
0000005902023091120240621,20231205,2
0000005902023091120240621,20231206,2
0000005902023091120240621,20231207,2
0000005902023091120240621,20231208,2
0000005902023091120240621,20231211,2
0000005902023091120240621,20231212,2
0000005902023091120240621,20231213,2
0000005902023091120240621,20231214,2
0000005902023091120240621,20231215,2
0000005902023091120240621,20231216,2
0000005902023091120240621,20231218,2
0000005902023091120240621,20231219,2
0000005902023091120240621,20231220,2
0000005902023091120240621,20231221,2
0000005902023091120240621,20231222,2
0000005902023091120240621,20231225,2
0000005902023091120240621,20231226,2
0000005902023091120240621,20240101,2
0000005902023091120240621,20240106,2
0000005902023091120240621,20240108,2
0000005902023091120240621,20240109,2
0000005902023091120240621,20240110,2
0000005902023091120240621,20240111,2
0000005902023091120240621,20240112,2
0000005902023091120240621,20240113,2
0000005902023091120240621,20240115,2
0000005902023091120240621,20240116,2
0000005902023091120240621,20240117,2
0000005902023091120240621,20240118,2
0000005902023091120240621,20240119,2
0000005902023091120240621,20240120,2
0000005902023091120240621,20240122,2
0000005902023091120240621,20240123,2
0000005902023091120240621,20240124,2
0000005902023091120240621,20240125,2
0000005902023091120240621,20240126,2
0000005902023091120240621,20240127,2
0000005902023091120240621,20240129,2
0000005902023091120240621,20240130,2
0000005902023091120240621,20240131,2
0000005902023091120240621,20240201,2
0000005902023091120240621,20240202,2
0000005902023091120240621,20240203,2
0000005902023091120240621,20240205,2
0000005902023091120240621,20240206,2
0000005902023091120240621,20240207,2
0000005902023091120240621,20240214,2
0000005902023091120240621,20240215,2
0000005902023091120240621,20240216,2
0000005902023091120240621,20240217,2
0000005902023091120240621,20240219,2
0000005902023091120240621,20240220,2
0000005902023091120240621,20240221,2
0000005902023091120240621,20240222,2
0000005902023091120240621,20240223,2
0000005902023091120240621,20240224,2
0000005902023091120240621,20240226,2
0000005902023091120240621,20240227,2
0000005902023091120240621,20240228,2
0000005902023091120240621,20240229,2
0000005902023091120240621,20240301,2
0000005902023091120240621,20240302,2
0000005902023091120240621,20240304,2
0000005902023091120240621,20240305,2
0000005902023091120240621,20240306,2
0000005902023091120240621,20240307,2
0000005902023091120240621,20240308,2
0000005902023091120240621,20240309,2
0000005902023091120240621,20240311,2
0000005902023091120240621,20240312,2
0000005902023091120240621,20240313,2
0000005902023091120240621,20240314,2
0000005902023091120240621,20240315,2
0000005902023091120240621,20240316,2
0000005902023091120240621,20240318,2
0000005902023091120240621,20240319,2
0000005902023091120240621,20240320,2
0000005902023091120240621,20240321,2
0000005902023091120240621,20240322,2
0000005902023091120240621,20240323,2
0000005902023091120240621,20240325,2
0000005902023091120240621,20240326,2
0000005902023091120240621,20240327,2
0000005902023091120240621,20240401,2
0000005902023091120240621,20240403,2
0000005902023091120240621,20240404,2
0000005902023091120240621,20240405,2
0000005902023091120240621,20240406,2
0000005902023091120240621,20240408,2
0000005902023091120240621,20240409,2
0000005902023091120240621,20240410,2
0000005902023091120240621,20240411,2
0000005902023091120240621,20240412,2
0000005902023091120240621,20240413,2
0000005902023091120240621,20240415,2
0000005902023091120240621,20240416,2
0000005902023091120240621,20240417,2
0000005902023091120240621,20240418,2
0000005902023091120240621,20240419,2
0000005902023091120240621,20240420,2
0000005902023091120240621,20240422,2
0000005902023091120240621,20240423,2
0000005902023091120240621,20240424,2
0000005902023091120240621,20240425,2
0000005902023091120240621,20240426,2
0000005902023091120240621,20240427,2
0000005902023091120240621,20240429,2
0000005902023091120240621,20240430,2
0000005902023091120240621,20240501,2
0000005902023091120240621,20240502,2
0000005902023091120240621,20240503,2
0000005902023091120240621,20240504,2
0000005902023091120240621,20240506,2
0000005902023091120240621,20240507,2
0000005902023091120240621,20240508,2
0000005902023091120240621,20240509,2
0000005902023091120240621,20240510,2
0000005902023091120240621,20240511,2
0000005902023091120240621,20240513,2
0000005902023091120240621,20240514,2
0000005902023091120240621,20240515,2
0000005902023091120240621,20240516,2
0000005902023091120240621,20240517,2
0000005902023091120240621,20240518,2
0000005902023091120240621,20240520,2
0000005902023091120240621,20240521,2
0000005902023091120240621,20240522,2
0000005902023091120240621,20240523,2
0000005902023091120240621,20240524,2
0000005902023091120240621,20240525,2
0000005902023091120240621,20240527,2
0000005902023091120240621,20240528,2
0000005902023091120240621,20240529,2
0000005902023091120240621,20240530,2
0000005902023091120240621,20240531,2
0000005902023091120240621,20240601,2
0000005902023091120240621,20240603,2
0000005902023091120240621,20240604,2
0000005902023091120240621,20240605,2
0000005902023091120240621,20240606,2
0000005902023091120240621,20240607,2
0000005902023091120240621,20240608,2
0000005902023091120240621,20240610,2
0000005902023091120240621,20240611,2
0000005902023122720240213,20240101,2
0000005902023122720240213,20240106,2
0000005902023122720240213,20240108,2
0000005902023122720240213,20240109,2
0000005902023122720240213,20240110,2
0000005902023122720240213,20240111,2
0000005902023122720240213,20240112,2
0000005902023122720240213,20240113,2
0000005902023122720240213,20240115,2
0000005902023122720240213,20240116,2
0000005902023122720240213,20240117,2
0000005902023122720240213,20240118,2
0000005902023122720240213,20240119,2
0000005902023122720240213,20240120,2
0000005902023122720240213,20240122,2
0000005902023122720240213,20240123,2
0000005902023122720240213,20240124,2
0000005902023122720240213,20240125,2
0000005902023122720240213,20240126,2
0000005902023122720240213,20240127,2
0000005902023122720240213,20240129,2
0000005902023122720240213,20240130,2
0000005902023122720240213,20240131,2
0000005902023122720240213,20240201,2
0000005902023122720240213,20240202,2
0000005902023122720240213,20240203,2
0000005902023122720240213,20240205,2
0000005902023122720240213,20240206,2
0000005902023122720240213,20240207,2
0000006202023120820240317,20231208,2
0000006202023120820240317,20231225,2
0000006202023120820240317,20231226,2
0000006202023120820240317,20240101,2
0000006202023120820240317,20240106,2
0000006212022120820240317,20231101,1
0000006212022120820240317,20231208,1
0000006212022120820240317,20231225,1
0000006212022120820240317,20231226,1
0000006212022120820240317,20240101,1
0000006212022120820240317,20240106,1
0000006212023120820240317,20231208,1
0000006212023120820240317,20231225,1
0000006212023120820240317,20231226,1
0000006212023120820240317,20240101,1
0000006212023120820240317,20240106,1
0000006222023120820240317,20231208,2
0000006222023120820240317,20231225,2
0000006222023120820240317,20231226,2
0000006222023120820240317,20240101,2
0000006222023120820240317,20240106,2
0000006232023120820240317,20231208,2
0000006232023120820240317,20231225,2
0000006232023120820240317,20231226,2
0000006232023120820240317,20240101,2
0000006232023120820240317,20240106,2
0000006232023121820240317,20231225,2
0000006232023121820240317,20231226,2
0000006232023121820240317,20240101,2
0000006232023121820240317,20240106,2
0000006262023091120240621,20231101,2
0000006262023091120240621,20231208,2
0000006262023091120240621,20231225,2
0000006262023091120240621,20231226,2
0000006262023091120240621,20240101,2
0000006262023091120240621,20240106,2
0000006262023091120240621,20240401,2
0000006262023091120240621,20240425,2
0000006262023091120240621,20240501,2
0000006272023091120240621,20231101,2
0000006272023091120240621,20231208,2
0000006272023091120240621,20231225,2
0000006272023091120240621,20231226,2
0000006272023091120240621,20240101,2
0000006272023091120240621,20240106,2
0000006272023091120240621,20240401,2
0000006272023091120240621,20240425,2
0000006272023091120240621,20240501,2
0000006362023091120240621,20231101,2
0000006362023091120240621,20231208,2
0000006362023091120240621,20231209,2
0000006362023091120240621,20231223,2
0000006362023091120240621,20231225,2
0000006362023091120240621,20231226,2
0000006362023091120240621,20231227,2
0000006362023091120240621,20231228,2
0000006362023091120240621,20231229,2
0000006362023091120240621,20231230,2
0000006362023091120240621,20240101,2
0000006362023091120240621,20240102,2
0000006362023091120240621,20240103,2
0000006362023091120240621,20240104,2
0000006362023091120240621,20240105,2
0000006362023091120240621,20240106,2
0000006362023091120240621,20240208,2
0000006362023091120240621,20240209,2
0000006362023091120240621,20240210,2
0000006362023091120240621,20240212,2
0000006362023091120240621,20240213,2
0000006362023091120240621,20240328,2
0000006362023091120240621,20240329,2
0000006362023091120240621,20240330,2
0000006362023091120240621,20240401,2
0000006362023091120240621,20240402,2
0000006362023091120240621,20240425,2
0000006362023091120240621,20240501,2
0000006362023091120240621,20240612,2
0000006362023091120240621,20240613,2
0000006362023091120240621,20240614,2
0000006362023091120240621,20240615,2
0000006362023091120240621,20240617,2
0000006362023091120240621,20240618,2
0000006362023091120240621,20240619,2
0000006362023091120240621,20240620,2
0000006362023091120240621,20240621,2
0000006372023091120240621,20231101,2
0000006372023091120240621,20231208,2
0000006372023091120240621,20231209,2
0000006372023091120240621,20231223,2
0000006372023091120240621,20231225,2
0000006372023091120240621,20231226,2
0000006372023091120240621,20231227,2
0000006372023091120240621,20231228,2
0000006372023091120240621,20231229,2
0000006372023091120240621,20231230,2
0000006372023091120240621,20240101,2
0000006372023091120240621,20240102,2
0000006372023091120240621,20240103,2
0000006372023091120240621,20240104,2
0000006372023091120240621,20240105,2
0000006372023091120240621,20240106,2
0000006372023091120240621,20240208,2
0000006372023091120240621,20240209,2
0000006372023091120240621,20240210,2
0000006372023091120240621,20240212,2
0000006372023091120240621,20240213,2
0000006372023091120240621,20240328,2
0000006372023091120240621,20240329,2
0000006372023091120240621,20240330,2
0000006372023091120240621,20240401,2
0000006372023091120240621,20240402,2
0000006372023091120240621,20240425,2
0000006372023091120240621,20240501,2
0000006372023091120240621,20240612,2
0000006372023091120240621,20240613,2
0000006372023091120240621,20240614,2
0000006372023091120240621,20240615,2
0000006372023091120240621,20240617,2
0000006372023091120240621,20240618,2
0000006372023091120240621,20240619,2
0000006372023091120240621,20240620,2
0000006372023091120240621,20240621,2
0000006372023100620240621,20231101,2
0000006372023100620240621,20231208,2
0000006372023100620240621,20231209,2
0000006372023100620240621,20231223,2
0000006372023100620240621,20231225,2
0000006372023100620240621,20231226,2
0000006372023100620240621,20231227,2
0000006372023100620240621,20231228,2
0000006372023100620240621,20231229,2
0000006372023100620240621,20231230,2
0000006372023100620240621,20240101,2
0000006372023100620240621,20240102,2
0000006372023100620240621,20240103,2
0000006372023100620240621,20240104,2
0000006372023100620240621,20240105,2
0000006372023100620240621,20240106,2
0000006372023100620240621,20240208,2
0000006372023100620240621,20240209,2
0000006372023100620240621,20240210,2
0000006372023100620240621,20240212,2
0000006372023100620240621,20240213,2
0000006372023100620240621,20240328,2
0000006372023100620240621,20240329,2
0000006372023100620240621,20240330,2
0000006372023100620240621,20240401,2
0000006372023100620240621,20240402,2
0000006372023100620240621,20240425,2
0000006372023100620240621,20240501,2
0000006372023100620240621,20240612,2
0000006372023100620240621,20240613,2
0000006372023100620240621,20240614,2
0000006372023100620240621,20240615,2
0000006372023100620240621,20240617,2
0000006372023100620240621,20240618,2
0000006372023100620240621,20240619,2
0000006372023100620240621,20240620,2
0000006372023100620240621,20240621,2
0000006462023091120240621,20231101,2
0000006462023091120240621,20231208,2
0000006462023091120240621,20231225,2
0000006462023091120240621,20231226,2
0000006462023091120240621,20240101,2
0000006462023091120240621,20240106,2
0000006462023091120240621,20240401,2
0000006462023091120240621,20240425,2
0000006462023091120240621,20240501,2
0000006512023091120240621,20231101,2
0000006512023091120240621,20231208,2
0000006512023091120240621,20231225,2
0000006512023091120240621,20231226,2
0000006512023091120240621,20240101,2
0000006512023091120240621,20240106,2
0000006512023091120240621,20240401,2
0000006512023091120240621,20240425,2
0000006512023091120240621,20240501,2
0000006532023091120240621,20231101,2
0000006532023091120240621,20231208,2
0000006532023091120240621,20231225,2
0000006532023091120240621,20231226,2
0000006532023091120240621,20240101,2
0000006532023091120240621,20240106,2
0000006532023091120240621,20240401,2
0000006532023091120240621,20240425,2
0000006532023091120240621,20240501,2
0000006532023091220240621,20231101,2
0000006532023091220240621,20231208,2
0000006532023091220240621,20231225,2
0000006532023091220240621,20231226,2
0000006532023091220240621,20240101,2
0000006532023091220240621,20240106,2
0000006532023091220240621,20240401,2
0000006532023091220240621,20240425,2
0000006532023091220240621,20240501,2
